[[-1.795980930328369141e+00],
[-1.807073503732681274e-01],
[-9.925287961959838867e-01],
[3.921687841415405273e+00],
[-2.924872398376464844e+00],
[-6.242008686065673828e+00],
[1.119138240814208984e+00],
[-8.172424137592315674e-02],
[-1.413716793060302734e+00],
[-9.641685485839843750e-01],
[-8.803222179412841797e-01],
[-2.586009979248046875e+00],
[-1.611507833003997803e-01],
[-2.894949018955230713e-01],
[-2.377939075231552124e-01],
[-1.189293622970581055e+00],
[-1.885419726371765137e+00],
[-7.444527149200439453e-01],
[-3.412328720092773438e+00],
[-3.200583219528198242e+00],
[9.472993016242980957e-02],
[-2.909888982772827148e+00],
[-2.680083036422729492e+00],
[-1.122251823544502258e-01],
[-4.810391962528228760e-01],
[-8.323281407356262207e-01],
[-2.714832127094268799e-02],
[-3.342453241348266602e-01],
[7.964183688163757324e-01],
[-8.537083864212036133e-01],
[-3.907730281352996826e-01],
[-3.111542224884033203e+00],
[-8.292661309242248535e-01],
[-2.013398885726928711e+00],
[-4.186602115631103516e+00],
[-1.447981595993041992e-01],
[-2.166960716247558594e+00],
[-3.706543445587158203e-01],
[-3.032286643981933594e+00],
[-1.264327913522720337e-01],
[-1.056133508682250977e+00],
[-3.595516443252563477e+00],
[-5.382995128631591797e+00],
[-2.945534229278564453e+00],
[-2.560602724552154541e-01],
[-3.989021778106689453e-01],
[-2.420230865478515625e+00],
[-4.354214966297149658e-01],
[-9.271897673606872559e-01],
[5.363215804100036621e-01],
[-9.967652559280395508e-01],
[6.944468021392822266e-01],
[-7.124288678169250488e-01],
[-2.595348119735717773e+00],
[-6.387241482734680176e-01],
[-2.302714586257934570e+00],
[-1.839818120002746582e+00],
[-2.684229053556919098e-02],
[-6.236036121845245361e-02],
[-2.935523748397827148e+00],
[-3.123450040817260742e+00],
[-3.118840932846069336e+00],
[-4.437367916107177734e-01],
[-9.581602215766906738e-01]]
