3.426122963428497314e-01
1.128306165337562561e-01
-1.135484948754310608e-01
1.919734477996826172e-02
8.167935162782669067e-02
-3.029852360486984253e-02
1.822697967290878296e-01
5.986907333135604858e-02
-2.068343907594680786e-01
5.036101490259170532e-02
4.846668243408203125e-01
-3.666275739669799805e-02
1.115912795066833496e-01
-2.080799192190170288e-01
2.162230908870697021e-01
2.855868339538574219e-01
-1.953861443325877190e-03
-8.375464379787445068e-02
1.252037882804870605e-01
1.545452475547790527e-01
3.759295940399169922e-01
4.019238352775573730e-01
3.662632405757904053e-02
2.673706114292144775e-01
-1.879789084196090698e-01
1.199748180806636810e-02
1.505307108163833618e-01
1.332024931907653809e-01
3.508262634277343750e-01
-1.199810728430747986e-01
1.493918001651763916e-01
2.377955317497253418e-01
2.305764853954315186e-01
-5.495684742927551270e-01
2.525891065597534180e-01
6.267766654491424561e-02
2.620928175747394562e-02
3.573309630155563354e-02
1.823728978633880615e-01
3.186537325382232666e-01
1.037289276719093323e-01
1.156441792845726013e-01
3.359539806842803955e-02
-9.218028187751770020e-02
1.677889525890350342e-01
-5.138204619288444519e-02
1.339167952537536621e-01
2.495060861110687256e-01
2.465102523565292358e-01
2.122754752635955811e-01
-1.157759875059127808e-01
7.643658667802810669e-02
-3.196772933006286621e-02
-4.191814959049224854e-01
-1.767417788505554199e-02
2.827273309230804443e-01
-5.872675403952598572e-02
3.308014478534460068e-03
4.366722702980041504e-01
-8.445867896080017090e-02
4.796604067087173462e-02
-1.052871439605951309e-02
2.825847268104553223e-01
1.835598796606063843e-01
