[[-5.039049625396728516e+00],
[-3.506001830101013184e-01],
[1.119465446472167969e+01],
[-6.244014501571655273e-01],
[8.252095222473144531e+00],
[4.395805835723876953e+00],
[-3.374649882316589355e-01],
[-2.406318634748458862e-01],
[7.541874408721923828e+00],
[-1.529657989740371704e-01],
[-4.100344479084014893e-01],
[-5.337106585502624512e-01],
[8.895120620727539062e+00],
[-2.959903180599212646e-01],
[9.376138687133789062e+00],
[7.560276985168457031e+00],
[-3.143707811832427979e-01],
[-4.223714828491210938e+00],
[-5.299420356750488281e-01],
[-1.258291482925415039e+00],
[4.274649143218994141e+00],
[-2.739384174346923828e-01],
[4.471542358398437500e+00],
[1.123595046997070312e+01],
[7.524547100067138672e+00],
[9.140674591064453125e+00],
[2.684652805328369141e-01],
[4.993688106536865234e+00],
[-6.884312629699707031e-02],
[-1.822098851203918457e+00],
[7.612620353698730469e+00],
[8.759403228759765625e+00]]
