[[3.880937397480010986e-01,2.386639565229415894e-01,1.765459775924682617e-03,-2.784183714538812637e-03],
[-3.093739598989486694e-02,1.721991300582885742e-01,2.228694222867488861e-02,5.190346017479896545e-02],
[-3.249493613839149475e-02,-1.606446504592895508e-02,4.334409534931182861e-01,2.937661409378051758e-01],
[2.450997382402420044e-01,-3.511083424091339111e-01,-9.884507162496447563e-04,-4.725310485810041428e-03],
[-3.309921324253082275e-01,-2.131965905427932739e-01,-2.331951167434453964e-03,4.900973290205001831e-03],
[-3.077342174947261810e-02,4.732980206608772278e-02,3.486005216836929321e-02,1.350115425884723663e-02],
[1.005423814058303833e-01,8.911026088753715158e-05,-1.909346133470535278e-02,2.806051671504974365e-01],
[-3.085226118564605713e-01,-4.299844056367874146e-02,-2.044577598571777344e-01,8.628108352422714233e-02],
[1.687006466090679169e-02,1.328988969326019287e-01,1.997156441211700439e-02,-1.893327198922634125e-02],
[7.790490519255399704e-03,7.187750935554504395e-02,2.371096611022949219e-01,-2.140080742537975311e-02],
[1.063277572393417358e-01,6.308420747518539429e-02,2.373046614229679108e-02,-2.009277977049350739e-02],
[-2.364050000905990601e-01,3.566417992115020752e-01,1.580976997502148151e-03,-1.597009599208831787e-03],
[3.502712585031986237e-03,4.262421745806932449e-03,-1.584038371220231056e-03,-4.295271635055541992e-01],
[-1.019890755414962769e-01,-6.238889880478382111e-03,-1.438961327075958252e-01,-1.344998478889465332e-01],
[-5.814791843295097351e-02,1.051088497042655945e-01,-2.986184656620025635e-01,-4.082070663571357727e-02],
[1.511277537792921066e-02,4.634871147572994232e-03,-4.374377727508544922e-01,1.650505512952804565e-01]]
